1 dfsfa df sdkfjalf 1.234 2 1
1 1779773148
202505486710 1779846722
202505486710 1779845622
2 # # # -1 2 0
202505486710 1779773186
1 1779853574
1 1779851459
3 # # # -1 2 0
1 1779773309
202505486710 1779848630
202505486710 1779845626
4 原神 712 mihayou 8.7989e+08 2 3
1 1779773425
202505486710 1779853635
202505486710 1779845633
5 # # # -1 2 0
1 1779781285
202505486710 1779853640
202505486710 1779845638
6 # # # -1 2 0
202505486710 1779811237
1 1779853581
1 1779853471
7 原神之力 nnn mihoyou 4.98 2 0
202505486710 1779812057
1 1779853585
1 1779853454
8 高德地图 66 阿巴阿巴 34 2 0
1 1779849220
202505486710 1779849369
202505486710 1779849314
9 高等数学 # # -1 2 0
1 1779852327
202505486710 1779853643
202505486710 1779853611
10 大学英语 8888 未知 9.89 0 0
2 1779853827
0 0
0 0
11 # # # 23 3 0
1 0
0 0
0 0
12 # # # 345 0 3
1 1779854451
0 0
0 0
13 为什么晚上 isbn 888 999 0 3
1 1779876878
0 0
0 0
14 # # # -1 0 0
1 1779877709
0 0
0 0
