1 计算机组成原理 978-7-5606-4979-5 康磊 7.980000 0 0 0
202505486710 1780390153
0 0
0 0
2 新视野大学英语 978-7-5213-4309-0 郑树棠 14.990000 0 0 0
202505486710 1780390261
0 0
0 0
3 离散数学 978-7-113-30632-8 刘任任,王婷等 6.660000 0 2 0
202505486710 1780661526
0 0
0 0
4 数据结构 978-7-04-045110-8 陈越 5.980000 0 3 0
202505486708 1780391671
0 0
0 0
5 思想道德与法治 978-7-04-059902-2 一群人 3.980000 0 2 4
202505486708 1780391897
0 0
0 0
6 四级卷子(没写的) 封页丢了,没有 不知道 7.770000 0 1 3
202505486710 1780392603
0 0
0 0
7 草稿纸10本 你觉得会有吗 本人也 3.980000 0 0 4
202505486710 1780392182
0 0
0 0
8 笔记本3本 8773366382077 不是孔子孟子,是老子 12.900000 2 0 4
202505486708 1780392376
202505486710 1780661713
202505486710 1780392684
9 死亡笔记 178348 李立 66.800000 0 1 1
202505486718 1780393022
0 0
0 0
10 地摊货 都是地摊货了,你在想什么 国家机密 2.000000 0 3 4
202505486718 1780393182
0 0
0 0
11 国家机密 10 lzb 0.000000 0 0 0
202505486708 1780393276
0 0
0 0
